3.849
4.177
4.1399999
4.0469999
3.8640001
3.5480001
3.9319999
4.1300001
4.158
3.891
4.0279999
3.898
4.0100002
3.8329999
4.1209998
3.9419999
4.0869999
3.7449999
3.8770001
3.783
4.2800002
4.1490002
3.938
4.1820002
3.7579999
3.7579999
3.7309999
3.783
3.967
3.7550001
3.8789999
3.973
3.763
4.0669999
4.0190001
2.483
4.132
4.0419998
4.2020001
3.7349999
3.763
4.0300002
3.888
3.8150001
3.8199999
4.0240002
4.099
3.6559999
3.612
4.0250001
3.835
4.0479999
3.855
4.0960002
4.204
4.0650001
4.1440001
4.039
3.7379999
3.5680001
2.658
3.892
4.1859999
3.875
3.609
2.4649999
3.589
4.0479999
4.0780001
3.5769999
3.6270001
3.806
3.848
4.1240001
4.0580001
4.1989999
3.948
3.622
4.1090002
4.1939998
3.865
3.108
4.0229998
4.0580001
4.1339998
4.2140002
4.0409999
4.1529999
3.868
4.1690001
4.303
4.2090001
4.1360002
4.1999998
4.1609998
4.2360001
4.2930002
4.1789999
4.1659999
4.2020001
4.2290001
4.2839999
4.2049999
4.2259998
4.1880002
4.2030001
3.6989999
4.1360002
4.2379999
4.2909999
4.2140002
4.2020001
4.3709998
4.132
4.1500001
3.563
