7030.0
8352.0
7491.0
7593.0
7537.0
7909.0
7559.0
7184.0
6820.0
7434.0
6967.0
6700.0
6496.0
6615.0
6815.0
8157.0
6296.0
8223.0
7485.0
8067.0
7156.0
7201.0
7097.0
7284.0
6865.0
6865.0
6426.0
6581.0
8484.0
6698.0
7326.0
6201.0
6748.0
6790.0
6526.0
5317.0
6927.0
7360.0
7516.0
6617.0
6795.0
7101.0
7020.0
7496.0
8105.0
8232.0
7713.0
7347.0
7471.0
7536.0
7161.0
7306.0
7146.0
8035.0
7538.0
7133.0
7637.0
6821.0
7431.0
6988.0
4950.0
6511.0
7095.0
6988.0
7094.0
4859.0
7224.0
8548.0
7280.0
7790.0
6566.0
7426.0
7660.0
7934.0
7644.0
6805.0
7072.0
7775.0
7489.0
7816.0
6660.0
7584.0
6763.0
7652.0
8072.0
6273.0
7931.0
7092.0
8944.0
7217.0
5987.0
6648.0
6649.0
6412.0
6859.0
6256.0
6164.0
6837.0
7533.0
6580.0
6490.0
6057.0
6432.0
6407.0
6707.0
6686.0
6869.0
7169.0
6310.0
6134.0
6531.0
6413.0
6027.0
5957.0
7543.0
7672.0
