211018096
211044267
211080847
211909987
211935741
211936163
211945791
211957791
212008515
212792450
213674056
214404873
214436324
215076557
215584718
216308801
216477445
217597196
218942345
219062123
220582710
228922952
229121547
203705702
204510816
204510921
221514420
221597630
221835782
224720218
224938189
225119740
225406132
225618802
226401681
226458042
227606751
230611120
230631967
230648601
230652057
230826613
230961039
230995585
231081322
231081534
231278798
231282136
231285847
231812289
233129558
233465073
233466773
233553924
234218726
234247882
234876533
235263502
235288870
235297752
235864398
236311085
237711874
237768774
237944799
240277781
240292657
240323947
240547706
240642822
240686489
242099103
242138878
246029438
246031849
246037616
246094180
246123792
246130239
246228220
246235560
246295525
246351401
246390686
246460499
246700394
246792876
246892566
246895097
247249443
247251791
247255798
247268706
247295392
247334629
247338349
247382496
247382770
247473204
247481643
247504599
247511123
247526175
247576531
247606589
247608052
247648610
247676134
247700654
247749294
247768006
247770898
247841082
247899700
248122534
248242432
